Minuit2Minimizer	 Status:	2
FVAL	=	7.89991867699428
Edm	=	5.63436991131975e-12
Nfcn	=	304
astau	=	0.323053839307435	+/-	0
aGGInv	=	0.021	+/-	0
O6	=	-0.30466499698227	+/-	0
O8	=	-0.00671013966460682	+/-	0
