Minuit2Minimizer	 Status:	2
FVAL	=	8.55967837009776e-13
Edm	=	8.61037664328364e-13
Nfcn	=	263
astau	=	0.321208243212628	+/-	0
aGGInv	=	0.021	+/-	0
O6	=	-0.332835867707216	+/-	0
O8	=	0.0216592023854255	+/-	0
deltaV	=	2.89180979118431	+/-	0
gammaV	=	0.271764214005475	+/-	0
alphaV	=	-0.996184262052992	+/-	0
betaV	=	3.6550973381775	+/-	0
deltaA	=	1.83608171326915	+/-	0
gammaA	=	1.51769640538231	+/-	0
alphaA	=	-2.50584894486922	+/-	0
betaA	=	2.91	+/-	0
