Minuit2Minimizer	 Status:	1
FVAL	=	2.20623014911456e-14
Edm	=	2.20457776114859e-14
Nfcn	=	59
astau	=	0.32298041265767	+/-	0.0105871012743323
aGGInv	=	0.021	+/-	0
O6	=	-0.314064961785653	+/-	0.105317101465559
O8	=	-0.0205753353858857	+/-	0.236963468329541
deltaV	=	3.56	+/-	0
gammaV	=	3.56	+/-	0
alphaV	=	3.56	+/-	0
betaV	=	3.56	+/-	0
deltaA	=	3.56	+/-	0
gammaA	=	3.56	+/-	0
alphaA	=	3.56	+/-	0
betaA	=	3.56	+/-	0
