Minuit2Minimizer	:	0
FVAL	=	7.89991867661593
Edm	=	6.79061193292842e-11
Nfcn	=	66
astau	=	0.323053831017419	+/-	0.00316519185330368
aGGInv	=	0.021	+/-	0
O6	=	-0.304664594067264	+/-	0.107269545467543
O8	=	-0.00670945755612063	+/-	0.176382453854254
