(***  Aleph 2014 vector data in Mathematica format  ***)
(***  Last change: Matthias, 16.01.2014             ***)

<< JavaGraphics`;


(* Constants *)

Mtau = 1.77682;  stau = Mtau^2;

Vud = 0.97418;   Sew = 1.0198;

Be = 17.818;


(* Kinematic weight function *)

wtau[s_] := ( 1 - s/stau )^2 ( 1 + 2 s/stau );


sbin = { 0.0375, 0.1000, 0.1375, 0.1625, 0.1875,
         0.2125, 0.2375, 0.2625, 0.2875, 0.3125,
         0.3375, 0.3625, 0.3875, 0.4125, 0.4375, 
         0.4625, 0.4875, 0.5125, 0.5375, 0.5625,
         0.5875, 0.6125, 0.6375, 0.6625, 0.6875,
         0.7125, 0.7375, 0.7625, 0.7875, 0.8125,
         0.8375, 0.8625, 0.8875, 0.9125, 0.9375,
         0.9625, 0.9875, 1.0125, 1.0375, 1.0625,
         1.0875, 1.1125, 1.1375, 1.1625, 1.1875,
         1.2125, 1.2375, 1.2625, 1.2875, 1.3125,
         1.3375, 1.3625, 1.3875, 1.4125, 1.4375,
         1.4625, 1.4875, 1.5125, 1.5375, 1.5625,
         1.5875, 1.6125, 1.6375, 1.6625, 1.6875,
         1.7250, 1.7750, 1.8250, 1.8750, 1.9250,
         1.9750, 2.0500, 2.1500, 2.2500, 2.3500,
         2.5000, 2.7000, 2.9000, 3.0875, 3.3375};

dsbin = { 0.0750, 0.0500, 0.0250, 0.0250, 0.0250,
          0.0250, 0.0250, 0.0250, 0.0250, 0.0250,
          0.0250, 0.0250, 0.0250, 0.0250, 0.0250,
          0.0250, 0.0250, 0.0250, 0.0250, 0.0250,
          0.0250, 0.0250, 0.0250, 0.0250, 0.0250,
          0.0250, 0.0250, 0.0250, 0.0250, 0.0250,
          0.0250, 0.0250, 0.0250, 0.0250, 0.0250,
          0.0250, 0.0250, 0.0250, 0.0250, 0.0250,
          0.0250, 0.0250, 0.0250, 0.0250, 0.0250,
          0.0250, 0.0250, 0.0250, 0.0250, 0.0250,
          0.0250, 0.0250, 0.0250, 0.0250, 0.0250,
          0.0250, 0.0250, 0.0250, 0.0250, 0.0250,
          0.0250, 0.0250, 0.0250, 0.0250, 0.0250,
          0.0500, 0.0500, 0.0500, 0.0500, 0.0500,
          0.0500, 0.1000, 0.1000, 0.1000, 0.1000,
          0.2000, 0.2000, 0.2000, 0.1750, 0.3250};

sfm2 = { 0.00026333, 0.048661, 0.035200, 0.053504, 0.075103,
         0.10996   , 0.12401 , 0.14589 , 0.17489 , 0.22214 ,
         0.28070   , 0.38512 , 0.45671 , 0.56777 , 0.72520 ,
         0.93630   ,  1.1797 ,  1.4761 ,  1.8295 ,  2.0075 ,
         2.0273    ,  1.8579 ,  1.6146 ,  1.3173 ,  1.0696 ,
         0.85552   , 0.70632 , 0.57947 , 0.49153 , 0.42187 ,
         0.36972   , 0.30757 , 0.27308 , 0.25007 , 0.21858 ,
         0.19942   , 0.18795 , 0.16925 , 0.17453 , 0.16998 ,
         0.14293   , 0.14736 , 0.15645 , 0.13376 , 0.13702 ,
         0.13320   , 0.14270 , 0.13719 , 0.14329 , 0.14203 ,
         0.13551   , 0.13694 , 0.12862 , 0.12642 , 0.12439 ,
         0.14282   , 0.14458 , 0.13413 , 0.12684 , 0.14557 ,
         0.13079   , 0.12792 , 0.12948 , 0.12306 , 0.11896 ,
         0.25666   , 0.27045 , 0.24210 , 0.25709 , 0.25422 ,
         0.24915   , 0.55706 , 0.53428 , 0.46312 , 0.34094 ,
         0.48836   , 0.23042 , 0.10046 , 0.015376, 0.0000};

derr = { 0.47190/1000, 0.14802/10,  0.69866/100, 0.80325/100, 0.93472/100,
         0.12464/10,   0.10499/10,  0.94844/100, 0.11602/10,  0.11042/10,
         0.12550/10,   0.17872/10,  0.18674/10,  0.18605/10,  0.20672/10,
         0.25225/10,   0.32470/10,  0.36540/10,  0.38104/10,  0.36476/10,
         0.30165/10,   0.29541/10,  0.36513/10,  0.37802/10,  0.18853/10,
         0.17528/10,   0.17644/10,  0.16830/10,  0.16656/10,  0.16660/10,
         0.15284/10,   0.11335/10,  0.95959/100, 0.86667/100, 0.88475/100,
         0.87115/100,  0.81714/100, 0.84266/100, 0.84597/100, 0.91484/100,
         0.85128/100,  0.86666/100, 0.88940/100, 0.85111/100, 0.75194/100,
         0.97295/100,  0.74795/100, 0.83183/100, 0.10375/10,  0.86150/100,
         0.91339/100,  0.80262/100, 0.81324/100, 0.80392/100, 0.77369/100,
         0.99318/100,  0.10038/10,  0.10123/10,  0.98836/100, 0.11565/10,
         0.87482/100,  0.80133/100, 0.76922/100, 0.89201/100, 0.90167/100,
         0.14694/10,   0.12473/10,  0.16100/10,  0.11683/10,  0.12199/10,
         0.13248/10,   0.25876/10,  0.25092/10,  0.24236/10,  0.17455/10,
         0.26875/10,   0.22625/10,  0.19832/10,  0.80633/100, 0.12120/1000}

BV = Sum[ sfm2[[i]], {i,80}];
dist[vec] = Transpose[ { sbin, Table[ sfm2[[i]]/dsbin[[i]]/wtau[sbin[[i]]], {i,80}]}];

v1[i_] := stau/(6 Vud^2 Sew) sfm2[[i]]/(Be dsbin[[i]])/wtau[sbin[[i]]];

v1tab = Table[ v1[i], {i,80}];

v1err[i_] := stau/(6 Vud^2 Sew) derr[[i]]/(Be dsbin[[i]])/wtau[sbin[[i]]];

v1errtab = Table[ v1err[i], {i,80}];


pipi0 = { 0.00026333, 0.048661 , 0.035200  , 0.053504    , 0.075103 ,
          0.10996   , 0.12401  , 0.14589   , 0.17489     , 0.22214  ,
          0.28070   , 0.38512  , 0.45671   , 0.56778     , 0.72521  ,
          0.93631   , 1.1797   , 1.4760    , 1.8291      , 2.0069   ,
          2.0266    , 1.8573   , 1.6139    , 1.3163      , 1.0687   ,
          0.85492   , 0.70489  , 0.57792   , 0.48993     , 0.41917  ,
          0.36739   , 0.30082  , 0.26477   , 0.23276     , 0.20248  ,
          0.18317   , 0.16490  , 0.14437   , 0.14650     , 0.13674  ,
          0.11251   , 0.10590  , 0.10046   , 0.086817    , 0.082867 ,
          0.077104  , 0.071002 , 0.069990  , 0.068946    , 0.064040 ,
          0.058404  , 0.058381 , 0.046119  , 0.042658    , 0.040425 ,
          0.037457  , 0.033993 , 0.033135  , 0.030948    , 0.032223 ,
          0.030162  , 0.023197 , 0.022977  , 0.024044    , 0.018415 ,
          0.036319  , 0.035800 , 0.030402  , 0.022008    , 0.016460 ,
          0.012136  , 0.015470 , 0.0090309 , 0.0050084   , 0.0037927,
          0.0040969 , 0.0012996, 0.00027749, 0.0000064269, 0.0000};

Bpipi0 = Sum[ pipi0[[i]], {i,80}];
dist[pipi0] = Transpose[ { sbin, Table[ pipi0[[i]]/dsbin[[i]]/wtau[sbin[[i]]], {i,80}]}];

pi3pi0 = { 0.0000    , 0.0000    , 0.0000    , 0.0000    , 0.0000    ,
           0.0000    , 0.0000    , 0.0000    , 0.0000    , 0.0000    ,
           0.0000    , 0.0000    , 0.0000    , 0.0000    , 0.0000    ,
           0.0000    , 0.0000    , 0.0000    , 0.00035241, 0.00035241,
           0.00045717, 0.00035241, 0.00052882, 0.00068053, 0.00056875,
           0.00016718, 0.00058032, 0.00045621, 0.00070839, 0.0010032 ,
           0.00063872, 0.00059626, 0.0015230 , 0.0019022 , 0.0015399 ,
           0.0019381 , 0.0014084 , 0.0018548 , 0.0019089 , 0.0016567 ,
           0.0011807 , 0.0010683 , 0.0010791 , 0.00097280, 0.0069122 ,
           0.0064732 , 0.0064011 , 0.0066660 , 0.0065035 , 0.0055454 ,
           0.0067264 , 0.0067938 , 0.0060229 , 0.0065344 , 0.0057388 ,
           0.0056643 , 0.0095890 , 0.0077156 , 0.0081259 , 0.0078259 ,
           0.0097964 , 0.011043  , 0.010892  , 0.010739  , 0.018255  ,
           0.035449  , 0.038903  , 0.040288  , 0.045161  , 0.044158  ,
           0.047584  , 0.10545   , 0.097182  , 0.087452  , 0.066902  ,
           0.086479  , 0.051352  , 0.031945  , 0.0032520 , 0.0000};

Bpi3pi0 = Sum[ pi3pi0[[i]], {i,80}];
dist[pi3pi0] = Transpose[ { sbin, Table[ pi3pi0[[i]]/dsbin[[i]]/wtau[sbin[[i]]], {i,80}]}];

