(***  Aleph 2014 V+A and V-A data in Mathematica format  ***)
(***  Last change: Matthias,  8.10.2014                  ***)

<< JavaGraphics`;


(* Constants *)

Mtau = 1.77682;  stau = Mtau^2;

Vud = 0.97418;   Sew = 1.0198;

Be = 17.827;  BeAleph = 17.818;


(* Kinematic weight function *)

wtau[x_] := ( 1 - x )^2 ( 1 + 2 x );


sbin = { 0.0375, 0.1000, 0.1375, 0.1625, 0.1875,
         0.2125, 0.2375, 0.2625, 0.2875, 0.3125,
         0.3375, 0.3625, 0.3875, 0.4125, 0.4375, 
         0.4625, 0.4875, 0.5125, 0.5375, 0.5625,
         0.5875, 0.6125, 0.6375, 0.6625, 0.6875,
         0.7125, 0.7375, 0.7625, 0.7875, 0.8125,
         0.8375, 0.8625, 0.8875, 0.9125, 0.9375,
         0.9625, 0.9875, 1.0125, 1.0375, 1.0625,
         1.0875, 1.1125, 1.1375, 1.1625, 1.1875,
         1.2125, 1.2375, 1.2625, 1.2875, 1.3125,
         1.3375, 1.3625, 1.3875, 1.4125, 1.4375,
         1.4625, 1.4875, 1.5125, 1.5375, 1.5625,
         1.5875, 1.6125, 1.6375, 1.6625, 1.6875,
         1.7250, 1.7750, 1.8250, 1.8750, 1.9250,
         1.9750, 2.0500, 2.1500, 2.2500, 2.3500,
         2.5000, 2.7000, 2.9000, 3.0875, 3.3375};

dsbin = { 0.0750, 0.0500, 0.0250, 0.0250, 0.0250,
          0.0250, 0.0250, 0.0250, 0.0250, 0.0250,
          0.0250, 0.0250, 0.0250, 0.0250, 0.0250,
          0.0250, 0.0250, 0.0250, 0.0250, 0.0250,
          0.0250, 0.0250, 0.0250, 0.0250, 0.0250,
          0.0250, 0.0250, 0.0250, 0.0250, 0.0250,
          0.0250, 0.0250, 0.0250, 0.0250, 0.0250,
          0.0250, 0.0250, 0.0250, 0.0250, 0.0250,
          0.0250, 0.0250, 0.0250, 0.0250, 0.0250,
          0.0250, 0.0250, 0.0250, 0.0250, 0.0250,
          0.0250, 0.0250, 0.0250, 0.0250, 0.0250,
          0.0250, 0.0250, 0.0250, 0.0250, 0.0250,
          0.0250, 0.0250, 0.0250, 0.0250, 0.0250,
          0.0500, 0.0500, 0.0500, 0.0500, 0.0500,
          0.0500, 0.1000, 0.1000, 0.1000, 0.1000,
          0.2000, 0.2000, 0.2000, 0.1750, 0.3250};

vpa = { 0.00026333, 0.048661, 0.035200, 0.053483, 0.075082,
        0.10999   , 0.12412 , 0.14627 , 0.17544 , 0.22400 ,
        0.28273   , 0.38745 , 0.45881 , 0.57477 , 0.73292 ,
        0.94253   , 1.1905  ,  1.4884 ,  1.8450 , 2.0253  ,
        2.0499    , 1.8891  ,  1.6547 ,  1.3627 , 1.1225  ,
        0.91777   , 0.78899 , 0.70000 , 0.63503 , 0.59462 ,
        0.57124   , 0.54330 , 0.56315 , 0.56177 , 0.56170 ,
        0.56297   , 0.59526 , 0.59560 , 0.59740 , 0.60407 ,
        0.62512   , 0.64892 , 0.66370 , 0.61710 , 0.64812 ,
        0.63113   , 0.63566 , 0.63605 , 0.64685 , 0.59699 ,
        0.60127   , 0.58217 , 0.57918 , 0.57894 , 0.56097 ,
        0.55071   , 0.52798 , 0.52700 , 0.48266 , 0.51010 ,
        0.46254   , 0.45211 , 0.44603 , 0.41182 , 0.40231 ,
        0.77824   , 0.74613 , 0.66552 , 0.60723 , 0.57055 ,
        0.52879   , 1.0647  , 0.92762 , 0.77615 , 0.58031 ,
        0.85322   , 0.41466 , 0.16308 , 0.021904, 0.0000};

s0[N_] := s0[N] = sbin[[N]] + dsbin[[N]]/2;

s0tab = Join[ Table[ s0[N], {N,78}], { stau}];


BVpAs0[N_] := stau/s0[N] Sum[ wtau[sbin[[i]]/s0[N]] /
                              wtau[sbin[[i]]/stau] vpa[[i]], {i,N}];
BVpAstau = Sum[ vpa[[i]], {i,79}];

BVpA = Join[ Table[ BVpAs0[N], {N,78}], { BVpAstau}];

RVpA = BVpA/Be;
(* RVpA = BVpA/BeAleph; *)

RVpAtab = Transpose[ { Sqrt[ s0tab], RVpA}];
ListPlot[ RVpAtab];

RpiAleph = 0.6062;
